(50,200,150,100,A)
(150,100,400,100,A)
(400,100,500,200,A)
(50,200,500,200,A)
(250,200,250,650,A)
(250,650,100,500,A)
(100,500,250,350,A)
(80,200,180,100,A)
(100,200,200,100,A)
(120,200,220,100,A)
(140,200,240,100,A)
(250,200,250,650,A)
(250,350,100,500,A)
(100,500,250,650,A)
(180,550,190,540,A)
(190,540,200,540,A)
(200,540,190,530,A)
(190,530,200,520,A)
(200,520,190,520,A)
(190,520,180,510,A)
(180,510,170,520,A)
(170,520,160,520,A)
(160,520,170,530,A)
(170,530,160,540,A)
(160,540,170,540,A)
(170,540,180,550,A)
(250,650,400,650,400,530,250,350,C)
(300,160,20,B)
(340,160,20,B)
(380,160,20,B)
(420,160,20,B)